7d9deeb4-be5e-3b84-9c66-61e6b46f6e19:
  casa:
    x: 153.8450389961784
    y: 71.0
    z: 241.36062936666386
    world: survival-1
    yaw: -90.417465
    pitch: 9.74242
