spawnpoint:
  x: -74.40091317639185
  y: 72.0
  z: -10.817026900744102
  world: SpeedRun
  yaw: -335.78613
  pitch: 90.0
