spawnpoint:
  x: 99.54120699468498
  y: 65.0
  z: -17.371966175388923
  world: survival-1
  yaw: 91.22455
  pitch: 87.13072
