spawnpoint:
  x: 99.39067422606063
  y: 65.0625
  z: -17.485887857407654
  world: survival-1
  yaw: -0.7353611
  pitch: 1.3841492
