lastAccountName: chymuelo
timestamps:
  login: 1610575895823
  logout: 1610576255314
ipAddress: 196.32.66.162
logoutlocation:
  world: survival-1
  x: 183.5
  y: 71.875
  z: 60.5
  yaw: -169.34987
  pitch: 0.0
lastlocation:
  world: survival-1
  x: 125.39189368743513
  y: 73.7531999805212
  z: 89.722095652857
  yaw: 75.62475
  pitch: 22.049995
money: '3.8'
