lastAccountName: chymuelo
timestamps:
  login: 1610767447186
  logout: 1610767453560
  kits:
    inicio: 1610680157687
ipAddress: 196.32.66.162
logoutlocation:
  world: survival-1
  x: 163.1167683193737
  y: 69.0
  z: 13.436647551570651
  yaw: -190.65022
  pitch: 15.599968
lastlocation:
  world: survival-1
  x: 96.30000001192093
  y: 65.0
  z: -21.699999988079067
  yaw: -107.22393
  pitch: 8.699973
money: '18.07090'
