lastAccountName: chymuelo
timestamps:
  login: 1611189701887
  logout: 1611189916987
  kits:
    inicio: 1610680157687
ipAddress: 196.32.66.162
logoutlocation:
  world: survival-1
  x: 180.5
  y: 77.0
  z: 27.5
  yaw: 106.92114
  pitch: 0.0
lastlocation:
  world: survival-1_nether
  x: -116.2162015793452
  y: 44.0
  z: 143.69999998807907
  yaw: 277.95087
  pitch: 21.450245
money: '27.1186000000000084'
