lastAccountName: chymuelo
timestamps:
  login: 1611020559128
  logout: 1611021483676
  kits:
    inicio: 1610680157687
ipAddress: 196.32.66.162
logoutlocation:
  world: survival-1
  x: 180.8671274777366
  y: 71.0
  z: 27.254268720526568
  yaw: -157.05072
  pitch: 19.949942
lastlocation:
  world: survival-1
  x: 96.30000001192093
  y: 65.0
  z: -21.699999988079067
  yaw: -107.22393
  pitch: 8.699973
money: '45.945899999999998'
