lastAccountName: MiiizterX
timestamps:
  login: 1611699464709
  kits:
    inicio: 1611449288180
  logout: 1611702084597
ipAddress: 181.26.81.157
money: '799.8838499999999994'
logoutlocation:
  world: survival-1
  x: -13150.681183804163
  y: 63.0
  z: -780.0672952051233
  yaw: 228.72217
  pitch: 6.8998613
