lastAccountName: 0_Tomy_0
timestamps:
  login: 1610838574562
  logout: 1610839768595
ipAddress: 181.31.100.66
logoutlocation:
  world: survival-1
  x: -830.0385711246877
  y: 63.0
  z: -389.3823075073049
  yaw: 265.34186
  pitch: 20.69987
money: '4020.7942499999999968'
