lastAccountName: 0_Tomy_0
timestamps:
  login: 1610751312376
  logout: 1610751481423
ipAddress: 181.31.100.66
logoutlocation:
  world: survival-1
  x: -833.820103184754
  y: 68.0
  z: -338.45830550671104
  yaw: -41.1072
  pitch: 27.899849
money: '3528.1574999999999918'
