lastAccountName: 0_Tomy_0
timestamps:
  login: 1610579049829
  logout: 1610580754375
ipAddress: 181.31.100.66
logoutlocation:
  world: survival-1
  x: -888.7914217339137
  y: 63.0
  z: -391.01599359075175
  yaw: 74.54193
  pitch: 2.6998703
money: '3528.1574999999999918'
