lastAccountName: haiSuzy
timestamps:
  login: 1610828412762
  logout: 1610838831591
ipAddress: 2.4.119.149
lastlocation:
  world: SpeedRun
  x: -72.20780975083352
  y: 71.0
  z: -10.050689501900216
  yaw: -245.24847
  pitch: 20.615532
logoutlocation:
  world: SpeedRun
  x: -352.1444779346611
  y: 67.0
  z: -49.06106751750178
  yaw: 211.08302
  pitch: 10.203826
