lastAccountName: DaviJust
timestamps:
  login: 1610828688172
  logout: 1610838715641
ipAddress: 189.37.78.132
lastlocation:
  world: SpeedRun
  x: -77.97279844790962
  y: 69.00133597911214
  z: 0.4060861756678915
  yaw: -27.00592
  pitch: 26.288853
logoutlocation:
  world: SpeedRun
  x: -428.845085622463
  y: 87.36584548923751
  z: -1.6575621370331275
  yaw: 237.99023
  pitch: 32.285156
