lastAccountName: Dead_ware
timestamps:
  login: 1610393987012
  logout: 1610394206109
ipAddress: 181.46.69.20
logoutlocation:
  world: survival-1
  x: 27.604626077895027
  y: 62.0
  z: -46.39875952295892
  yaw: -236.85059
  pitch: -14.549978
