lastAccountName: ELCUB0HIDRATADO
timestamps:
  login: 1611044524717
  kits:
    inicio: 1611044585514
  logout: 1611044709842
ipAddress: 187.204.63.152
money: '0.0'
logoutlocation:
  world: survival-1
  x: -1015.0258556791589
  y: 67.0
  z: 1096.371221281726
  yaw: -98.25003
  pitch: 15.300013
