lastAccountName: BertinaticaDBR__
timestamps:
  login: 1610831070253
  logout: 1610831095299
ipAddress: 95.94.167.149
logoutlocation:
  world: SpeedRun
  x: -102.30000001192093
  y: 11.0
  z: -117.69999998807907
  yaw: 84.67175
  pitch: 20.092682
