lastAccountName: TaielMartinez2
timestamps:
  login: 1610337843090
  logout: 1610337855846
ipAddress: 192.168.1.1
logoutlocation:
  world: survival-1
  x: 64.35976636623694
  y: 65.0
  z: -47.719450936223865
  yaw: 0.0
  pitch: 0.0
