lastAccountName: TaielMartinez2
timestamps:
  login: 1610395328912
  logout: 1610397564510
ipAddress: 192.168.1.1
logoutlocation:
  world: survival-1
  x: 98.98079137073331
  y: 68.9905044039185
  z: -17.116093086204557
  yaw: -87.83716
  pitch: 77.188385
lastlocation:
  world: survival-1
  x: 97.17230424387142
  y: 68.14563487247666
  z: -21.826761562914836
  yaw: 341.12445
  pitch: -1.0180631
