lastAccountName: TheMasterSlow10
timestamps:
  login: 1611710116064
  logout: 1611710831313
  kits:
    inicio: 1611188510259
ipAddress: 190.138.49.169
logoutlocation:
  world: survival-1
  x: 3759.3158763460515
  y: 84.0
  z: -957.2777330668612
  yaw: -175.43799
  pitch: 3.567053
money: '73268.37814999999833312'
