lastAccountName: Lukahx1
timestamps:
  login: 1611094090790
  kits:
    inicio: 1611094138174
  logout: 1611094678726
ipAddress: 186.139.235.134
money: '0.0'
logoutlocation:
  world: survival-1
  x: 4134.34338009805
  y: 64.49520087700593
  z: -2629.602163031073
  yaw: 95.2508
  pitch: 19.500114
