lastAccountName: Leat
timestamps:
  login: 1611698954178
  kits:
    inicio: 1611325283928
  logout: 1611701260757
ipAddress: 190.105.220.150
money: '35617.78802499999930168'
logoutlocation:
  world: survival-1
  x: 3430.3261298631282
  y: 10.0
  z: 719.7668165369138
  yaw: 107.817024
  pitch: 15.149963
