lastAccountName: Santos1Gamer
timestamps:
  login: 1611712206169
  kits:
    inicio: 1611449164460
  logout: 1611712083094
ipAddress: 190.115.10.186
money: '1238.21000000000000170'
logoutlocation:
  world: survival-1
  x: 2856.5
  y: 63.0
  z: 1037.6992970045642
  yaw: 267.0769
  pitch: 54.398
