lastAccountName: MANDY1914
timestamps:
  login: 1610551509802
  logout: 1610560817034
ipAddress: 190.55.108.231
logoutlocation:
  world: survival-1
  x: -2391.5
  y: 39.0
  z: 2193.5
  yaw: -183.44986
  pitch: 5.7000017
