lastAccountName: chainspaaa
timestamps:
  login: 1610755995899
  kits:
    inicio: 1610756058063
  logout: 1610757197024
ipAddress: 181.46.231.0
money: '183.188500000000018'
logoutlocation:
  world: survival-1
  x: 99.92835834250666
  y: 65.0625
  z: -17.525855371419972
  yaw: -57.701904
  pitch: 23.099491
