lastAccountName: joaquin
timestamps:
  login: 1610471515657
  logout: 1610471585496
ipAddress: 181.164.150.35
logoutlocation:
  world: survival-1
  x: 99.54120699468498
  y: 65.0
  z: -17.371966175388923
  yaw: 262.97406
  pitch: 83.25009
