lastAccountName: MeluuLecc
timestamps:
  login: 1611025251213
  logout: 1611030026789
  kits:
    inicio: 1610747840936
ipAddress: 181.228.35.191
logoutlocation:
  world: survival-1
  x: -4920.805555610413
  y: 85.0
  z: 3648.1796860032964
  yaw: -295.9448
  pitch: 21.900173
money: '3701.2123500000000180'
