lastAccountName: NachinSheep
timestamps:
  login: 1610740929382
  logout: 1610740972010
  kits:
    inicio: 1610608861213
ipAddress: 181.46.68.239
money: '135890.39267500000035410'
logoutlocation:
  world: survival-1
  x: -2405.528954572644
  y: 72.0
  z: 2208.699999988079
  yaw: -121.35016
  pitch: 14.549992
lastlocation:
  world: survival-1
  x: -2394.5348506468404
  y: 115.0
  z: 2198.4169695958885
  yaw: -202.81787
  pitch: 28.050486
