lastAccountName: NachinSheep
timestamps:
  login: 1610622804898
  logout: 1610621600401
  kits:
    inicio: 1610608861213
ipAddress: 181.46.68.239
money: '35801.10980000000013193'
logoutlocation:
  world: survival-1
  x: 463.99172783497863
  y: 64.0
  z: -755.0693787620747
  yaw: -135.14929
  pitch: 18.600014
lastlocation:
  world: survival-1
  x: -2394.5348506468404
  y: 115.0
  z: 2198.4169695958885
  yaw: -202.81787
  pitch: 28.050486
