lastAccountName: NachinSheep
timestamps:
  login: 1610992992376
  logout: 1610993158402
  kits:
    inicio: 1610608861213
ipAddress: 181.46.68.239
money: '135890.39267500000035410'
logoutlocation:
  world: survival-1
  x: -84.69999998807907
  y: 66.0
  z: 135.3402109592842
  yaw: -241.35266
  pitch: 24.856419
lastlocation:
  world: survival-1
  x: -2394.5348506468404
  y: 115.0
  z: 2198.4169695958885
  yaw: -202.81787
  pitch: 28.050486
