lastAccountName: NachinSheep
timestamps:
  login: 1610550129722
  logout: 1610557772486
ipAddress: 181.46.68.239
money: '150.85905000000000726'
logoutlocation:
  world: survival-1
  x: 217.44473630796045
  y: 65.0
  z: 349.67495385407966
  yaw: -64.77777
  pitch: 25.480799
