lastAccountName: SinLimiteRandom
timestamps:
  login: 1611072231766
  logout: 1611073651409
ipAddress: 181.45.115.80
logoutlocation:
  world: survival-1
  x: 4367.984427834922
  y: 80.0
  z: -3063.9598914552903
  yaw: 195.01678
  pitch: 27.300858
money: '43.8900000000000001'
