lastAccountName: SinLimiteRandom
timestamps:
  login: 1611272967395
  logout: 1611273309860
ipAddress: 181.45.115.80
logoutlocation:
  world: survival-1
  x: 4369.9746184286705
  y: 80.0
  z: -3068.146042956266
  yaw: -302.68024
  pitch: 10.2002735
money: '1144.5272500000000020'
