lastAccountName: SinLimiteRandom
timestamps:
  login: 1611368042309
  logout: 1611368376246
ipAddress: 181.45.115.80
logoutlocation:
  world: survival-1
  x: 4368.161473554167
  y: 80.0
  z: -3066.8108076451313
  yaw: 63.95288
  pitch: 20.399609
money: '1193.9272500000000020'
