lastAccountName: SinLimiteRandom
timestamps:
  login: 1611110110159
  logout: 1611114813514
ipAddress: 181.45.115.80
logoutlocation:
  world: survival-1
  x: 4366.372284594996
  y: 80.0
  z: -3061.9901703541977
  yaw: -246.72362
  pitch: 39.899757
money: '61.7387499999999980'
