lastAccountName: Lesansnom
timestamps:
  login: 1610880437488
  logout: 1610880566922
ipAddress: 200.85.179.150
logoutlocation:
  world: survival-1
  x: -4.456361393749464
  y: 63.0
  z: -161.50353357545535
  yaw: 97.22464
  pitch: 16.480568
money: '0.3943750000000134'
lastlocation:
  world: survival-1
  x: -5.016137521531437
  y: 63.875
  z: -160.30000001192093
  yaw: 147.14365
  pitch: 53.099995
