lastAccountName: Lesansnom
timestamps:
  login: 1610590420859
  logout: 1610591886793
ipAddress: 200.85.179.150
logoutlocation:
  world: survival-1
  x: -5.241112473109178
  y: 63.0
  z: -161.69999998807913
  yaw: 259.19446
  pitch: 18.89991
money: '1892.2843750000000134'
lastlocation:
  world: survival-1
  x: 0.1374999880790782
  y: 64.0
  z: -156.53491438958815
  yaw: 171.33643
  pitch: 54.44994
