lastAccountName: SrQuAqUin
timestamps:
  login: 1611273072585
  logout: 1611273235577
  kits:
    inicio: 1611092619680
ipAddress: 181.90.5.225
money: '16027.9482499999992420'
lastlocation:
  world: survival-1
  x: -2518.299129863814
  y: 65.7531999805212
  z: 3099.300000011921
  yaw: 110.1994
  pitch: 2.002971
logoutlocation:
  world: survival-1
  x: 4389.513228553464
  y: 67.0
  z: -3040.464779286329
  yaw: -249.37868
  pitch: 51.33204
