lastAccountName: SNT_Player
timestamps:
  login: 1610676888361
  logout: 1610677462961
ipAddress: 200.85.179.17
money: '1278.14570000000000399'
logoutlocation:
  world: survival-1
  x: -880.3937013683097
  y: 66.0
  z: -386.41213524102005
  yaw: -221.09311
  pitch: 15.191591
