lastAccountName: SNT_Player
timestamps:
  login: 1610580426001
  logout: 1610580710802
ipAddress: 200.85.179.17
money: '1189.12690000000000309'
logoutlocation:
  world: survival-1
  x: -888.6999999880791
  y: 63.0
  z: -396.8218369131947
  yaw: -158.47339
  pitch: 9.82071
