lastAccountName: GrayWolfB
timestamps:
  login: 1610880433208
  logout: 1610886536799
ipAddress: 200.85.179.150
money: '1861.89'
logoutlocation:
  world: survival-1
  x: -4.2018030599288325
  y: 63.875
  z: -160.89615183363915
  yaw: 255.75085
  pitch: 37.799908
lastlocation:
  world: survival-1
  x: -6.153598014048245
  y: 63.0
  z: -161.69999998807907
  yaw: 330.5954
  pitch: 30.149904
