lastAccountName: Romerovich
timestamps:
  login: 1610577853859
  logout: 1610580873044
ipAddress: 181.169.14.227
logoutlocation:
  world: survival-1
  x: 70.58738552830314
  y: 66.0
  z: 103.42495828905439
  yaw: -67.60508
  pitch: 22.410992
money: '4305.03290000000003294'
lastlocation:
  world: survival-1
  x: 70.32198181715572
  y: 63.0
  z: 96.87624445520933
  yaw: 274.46387
  pitch: 12.274704
