lastAccountName: Romerovich
timestamps:
  login: 1610808576415
  logout: 1610811503563
  kits:
    inicio: 1610630230980
ipAddress: 181.169.14.227
logoutlocation:
  world: survival-1
  x: 71.57570385923567
  y: 66.0
  z: 102.9472909090442
  yaw: 318.28568
  pitch: 23.88592
money: '15133.02999999999985144'
lastlocation:
  world: survival-1
  x: 70.32198181715572
  y: 63.0
  z: 96.87624445520933
  yaw: 274.46387
  pitch: 12.274704
