lastAccountName: Romerovich
timestamps:
  login: 1611021807797
  logout: 1611024193412
  kits:
    inicio: 1610630230980
ipAddress: 181.169.14.227
logoutlocation:
  world: survival-1
  x: 67.46052264020614
  y: 67.0
  z: 102.32414065462731
  yaw: -89.83496
  pitch: 3.2443902
money: '11175.09734999999992981'
lastlocation:
  world: survival-1
  x: 70.32198181715572
  y: 63.0
  z: 96.87624445520933
  yaw: 274.46387
  pitch: 12.274704
