lastAccountName: Ganskaiser
timestamps:
  login: 1611119672618
  kits:
    inicio: 1611115094352
  logout: 1611119757559
ipAddress: 138.219.250.135
money: '242.7670000000000036'
logoutlocation:
  world: survival-1
  x: 4369.699999988079
  y: 90.0
  z: -3001.1915576390675
  yaw: -86.24951
  pitch: 27.450104
