lastAccountName: hermano_de_tai
timestamps:
  login: 1610661831208
  logout: 1610663077663
  kits:
    inicio: 1610661861283
ipAddress: 192.168.1.1
logoutlocation:
  world: survival-1
  x: -637.6492283390854
  y: 63.0
  z: -2429.363942261102
  yaw: 258.00006
  pitch: -74.69999
money: '0.0'
