lastAccountName: jake205
timestamps:
  login: 1611712025897
  kits:
    inicio: 1611363796331
  logout: 1611712050944
ipAddress: 190.138.49.169
money: '44484.16527500000003184'
logoutlocation:
  world: survival-1
  x: 4376.294172483848
  y: 69.0
  z: -3015.694245234431
  yaw: -315.12476
  pitch: 60.75
