lastAccountName: iTzXzy
timestamps:
  login: 1610828524034
  logout: 1610837770945
ipAddress: 45.174.237.55
lastlocation:
  world: SpeedRun
  x: -78.12904188826468
  y: 63.0
  z: -53.574734155790765
  yaw: 37.560467
  pitch: 28.451454
logoutlocation:
  world: SpeedRun
  x: -399.56708455442134
  y: 73.8391371074457
  z: -51.47275490116104
  yaw: -100.4801
  pitch: -0.29007876
