lastAccountName: taielmartinez
timestamps:
  login: 1610383537847
  logout: 1610391101094
ipAddress: 192.168.1.1
lastlocation:
  world: survival-1
  x: 56.38252538477944
  y: 98.28260138842293
  z: -160.07802163813275
  yaw: -328.32318
  pitch: 3.8528502
money: '-1407.820000000000003'
logoutlocation:
  world: survival-1
  x: -21.57857182027371
  y: 83.19433205871435
  z: -102.9234560474076
  yaw: -185.58734
  pitch: 65.77739
