lastAccountName: taielmartinez
timestamps:
  login: 1610827777596
  logout: 1610827697746
  lastteleport: 1610829585811
  kits:
    inicio: 1610578148366
    tools: 1610576357105
ipAddress: 192.168.1.1
lastlocation:
  world: SpeedRun
  x: -160.78176883121654
  y: 63.5
  z: -137.21998797953324
  yaw: 25.559326
  pitch: 15.935341
money: '81757200.179999999999997'
logoutlocation:
  world: survival-1
  x: -3655.5726630532054
  y: 76.88198972933205
  z: -3707.546540807719
  yaw: -101.69095
  pitch: 4.2531805
