lastAccountName: taielmartinez
timestamps:
  login: 1610383000052
  logout: 1610383465824
ipAddress: 192.168.1.1
lastlocation:
  world: survival-1
  x: 56.38252538477944
  y: 98.28260138842293
  z: -160.07802163813275
  yaw: -328.32318
  pitch: 3.8528502
money: '-1207.820000000000003'
logoutlocation:
  world: survival-1
  x: 59.93514602857808
  y: 72.0
  z: -185.02447046242688
  yaw: -297.2974
  pitch: 1.8511933
