lastAccountName: taielmartinez
timestamps:
  login: 1610613559696
  logout: 1610621760269
  lastteleport: 1610617290808
  kits:
    inicio: 1610578148366
    tools: 1610576357105
ipAddress: 192.168.1.1
lastlocation:
  world: survival-1
  x: -2395.9295271357846
  y: 71.0
  z: 2213.293997639791
  yaw: 329.00098
  pitch: 27.042301
money: '82237584.179999999999997'
logoutlocation:
  world: survival-1
  x: 99.5649215288519
  y: 65.0625
  z: -16.861720389476027
  yaw: -10.3368635
  pitch: 8.12374
