lastAccountName: taielmartinez
timestamps:
  login: 1611072171826
  logout: 1611074474606
  lastteleport: 1611072255732
  kits:
    inicio: 1610578148366
    tools: 1610576357105
ipAddress: 192.168.1.1
lastlocation:
  world: survival-1
  x: 4258.835504681612
  y: 89.68170576726942
  z: -2895.2705192612666
  yaw: -96.63957
  pitch: 27.674818
money: '81622200.179999999999997'
logoutlocation:
  world: survival-1
  x: 4403.236297711232
  y: 74.31962973551346
  z: -2996.429202400048
  yaw: 92.64499
  pitch: 16.081108
