lastAccountName: taielmartinez
timestamps:
  login: 1610572104992
  logout: 1610586140138
  lastteleport: 1610582501388
  kits:
    inicio: 1610578148366
    tools: 1610576357105
ipAddress: 192.168.1.1
lastlocation:
  world: survival-1
  x: -610.2089103166126
  y: 71.743822856279
  z: -456.19923683597426
  yaw: 28.137665
  pitch: 25.726969
money: '89967592.179999999999997'
logoutlocation:
  world: survival-1
  x: -885.8182677830947
  y: 63.0
  z: -397.4276053668416
  yaw: -353.56335
  pitch: 16.784344
