lastAccountName: taielmartinez
timestamps:
  login: 1610340482210
  logout: 1610340551352
ipAddress: 192.168.1.1
lastlocation:
  world: survival-1
  x: 30.812319982384295
  y: 69.0
  z: -238.240476478089
  yaw: -225.62082
  pitch: 16.06471
money: '-1207.820000000000003'
logoutlocation:
  world: survival-1
  x: 30.812319982384295
  y: 69.0
  z: -238.240476478089
  yaw: -253.24669
  pitch: 16.731882
