lastAccountName: taielmartinez
timestamps:
  login: 1611169930933
  logout: 1611170060216
  lastteleport: 1611100918239
  kits:
    inicio: 1610578148366
    tools: 1610576357105
ipAddress: 192.168.1.1
lastlocation:
  world: survival-1
  x: 4360.824528905597
  y: 56.67234565428386
  z: -2893.702979661365
  yaw: 344.59717
  pitch: 20.6085
money: '81532200.179999999999997'
logoutlocation:
  world: survival-1
  x: 4338.07286364724
  y: 89.42670813126108
  z: -2944.9167599734246
  yaw: 4.845978
  pitch: 15.196859
