lastAccountName: taielmartinez
timestamps:
  login: 1610382533433
  logout: 1610382908460
ipAddress: 192.168.1.1
lastlocation:
  world: survival-1
  x: 55.96150889244193
  y: 74.0
  z: -159.46813239142827
  yaw: -323.91852
  pitch: 5.9214945
money: '-1207.820000000000003'
logoutlocation:
  world: survival-1
  x: 59.93514602857808
  y: 72.0
  z: -185.02447046242688
  yaw: -297.2974
  pitch: 1.8511933
