lastAccountName: valen6000
timestamps:
  login: 1610588007888
  logout: 1610588708347
  kits:
    inicio: 1610588390694
ipAddress: 181.31.226.25
logoutlocation:
  world: survival-1
  x: 67.69999998807907
  y: 19.0
  z: 230.8280956777872
  yaw: 339.7754
  pitch: 41.699657
money: '96.955'
