lastAccountName: valen6000
timestamps:
  login: 1610676342450
  logout: 1610685956610
  kits:
    inicio: 1610588390694
ipAddress: 181.31.226.25
logoutlocation:
  world: survival-1
  x: 66.30000001192093
  y: 61.0
  z: 163.44515587392215
  yaw: 206.41248
  pitch: 12.449532
money: '1570.6250000000000221'
