lastAccountName: FranPan05
timestamps:
  login: 1611444466131
  kits:
    inicio: 1611444570200
  logout: 1611448616576
ipAddress: 190.14.158.253
money: '0.0'
logoutlocation:
  world: survival-1
  x: -892.2477822921663
  y: 67.0
  z: -396.74113509189897
  yaw: 14.549774
  pitch: 17.100002
