lastAccountName: tutucas
timestamps:
  login: 1610573814470
  kits:
    inicio: 1610585631965
  logout: 1610592319238
ipAddress: 200.114.147.3
money: '37.3'
logoutlocation:
  world: survival-1
  x: -1019.5221601399072
  y: 67.0
  z: 1076.1005471743847
  yaw: 6.2123795
  pitch: 11.804913
