lastAccountName: tutucas
timestamps:
  login: 1610752018109
  kits:
    inicio: 1610585631965
  logout: 1610762831507
ipAddress: 200.114.147.3
money: '92.8'
logoutlocation:
  world: survival-1
  x: -1017.444554893591
  y: 66.0
  z: 1074.5896362903488
  yaw: 152.31024
  pitch: 27.869215
