lastAccountName: Flames
timestamps:
  login: 1610573893278
  logout: 1610577986802
ipAddress: 152.171.192.63
money: '1998.3922250000000525'
logoutlocation:
  world: survival-1
  x: -1625.1403150642334
  y: 95.0
  z: 280.648223451036
  yaw: 100.94043
  pitch: 4.050612
