lastAccountName: HoRancio
timestamps:
  login: 1610590692273
  logout: 1610591920989
ipAddress: 45.71.106.139
logoutlocation:
  world: survival-1
  x: -506.57906250074103
  y: 63.0
  z: -459.0187936431704
  yaw: 246.34662
  pitch: 50.849525
money: '4182.1067000000000435'
lastlocation:
  world: survival-1
  x: -632.4589707111053
  y: 14.0
  z: -567.3000000119209
  yaw: 83.83569
  pitch: 23.674587
