lastAccountName: LesansnomB
timestamps:
  login: 1610879625020
  logout: 1610879661278
ipAddress: 200.85.179.150
logoutlocation:
  world: survival-1
  x: 99.39067422606063
  y: 65.0625
  z: -17.485887857407654
  yaw: 10.214639
  pitch: -4.915851
