lastAccountName: tai3
timestamps:
  login: 1610498946901
  logout: 1610499002625
ipAddress: 192.168.1.1
lastlocation:
  world: survival-1
  x: 99.54120699468498
  y: 64.80948674189209
  z: -17.371966175388923
  yaw: 91.22455
  pitch: 87.13072
logoutlocation:
  world: survival-1
  x: -890.774303033126
  y: 63.0
  z: -398.14429778213093
  yaw: -54.708008
  pitch: 25.980244
