lastAccountName: FollowHD
timestamps:
  login: 1610828303338
  kits:
    inicio: 1610738445454
  logout: 1610840174436
  lastteleport: 1610837518492
ipAddress: 187.11.123.218
money: '0.0'
logoutlocation:
  world: SpeedRun
  x: 797.0221571846184
  y: -9.863831129511174
  z: 5901.580022272563
  yaw: -156.79993
  pitch: -25.500404
lastlocation:
  world: SpeedRun
  x: -322.0308620989532
  y: 124.0
  z: -297.6138765323292
  yaw: 279.22644
  pitch: 35.996895
