lastAccountName: Cesar_Royal
timestamps:
  login: 1611711290831
  kits:
    inicio: 1611461230549
  logout: 1611630617636
ipAddress: 190.61.90.147
money: '252.0899999999999985'
logoutlocation:
  world: survival-1
  x: 2867.0901517884704
  y: 70.0
  z: 1012.0077735797563
  yaw: -142.76904
  pitch: 22.950527
