lastAccountName: CorrentinoRancio
timestamps:
  login: 1611690922687
  kits:
    inicio: 1611092368962
  logout: 1611692810989
ipAddress: 190.225.58.130
money: '5109.2498999999999862'
logoutlocation:
  world: survival-1
  x: 4346.170694716395
  y: 66.0
  z: -3011.9790540227605
  yaw: -69.448
  pitch: 24.899975
