lastAccountName: Aqu_gm
timestamps:
  login: 1610500181502
  logout: 1610502910095
ipAddress: 181.31.100.99
money: '3686.8133999999999782'
logoutlocation:
  world: survival-1
  x: -507.26420560657317
  y: 63.0
  z: -464.6727881589786
  yaw: -25.504822
  pitch: 1.8123987
lastlocation:
  world: survival-1
  x: -888.5839648746853
  y: 65.05175927506424
  z: -393.75243728428904
  yaw: -59.37105
  pitch: 25.992706
