lastAccountName: RodolffHD
timestamps:
  login: 1611714251317
  kits:
    inicio: 1610662510577
  logout: 1611706533721
ipAddress: 181.165.223.113
money: '70422.67169999999854073'
logoutlocation:
  world: survival-1
  x: -884.5686338961006
  y: 63.0
  z: -391.8344695894254
  yaw: 217.55237
  pitch: 7.526874
lastlocation:
  world: survival-1
  x: -893.849799376026
  y: 63.0
  z: -394.7604589485126
  yaw: 86.810135
  pitch: 11.315722
