lastAccountName: RodolffHD
timestamps:
  login: 1610994853834
  kits:
    inicio: 1610662510577
  logout: 1610996176813
ipAddress: 181.165.71.49
money: '104926.69902500000334453'
logoutlocation:
  world: survival-1
  x: -891.3000000119209
  y: 67.0
  z: -392.61293922746705
  yaw: 92.89221
  pitch: 20.750847
