lastAccountName: RodolffHD
timestamps:
  login: 1611192686963
  kits:
    inicio: 1610662510577
  logout: 1611162352631
ipAddress: 181.165.71.49
money: '123321.34872500000352903'
logoutlocation:
  world: survival-1
  x: -885.9240749951932
  y: 63.0
  z: -396.6826024475001
  yaw: 33.935852
  pitch: 33.158295
lastlocation:
  world: survival-1
  x: -893.849799376026
  y: 63.0
  z: -394.7604589485126
  yaw: 86.810135
  pitch: 11.315722
