lastAccountName: m2wDakota
timestamps:
  login: 1610759991761
  logout: 1610760057964
  kits:
    inicio: 1610646112349
ipAddress: 190.245.120.70
lastlocation:
  world: survival-1
  x: 97.30000001192093
  y: 65.0
  z: -15.300000011920933
  yaw: -270.2744
  pitch: 21.1499
logoutlocation:
  world: survival-1
  x: -2419.8186211899556
  y: 64.0
  z: 2285.389943795255
  yaw: -111.917076
  pitch: 20.399954
money: '0.0'
