lastAccountName: m2wDakota
timestamps:
  login: 1611185864234
  logout: 1611186085509
  kits:
    inicio: 1610646112349
ipAddress: 190.245.120.70
lastlocation:
  world: survival-1
  x: 97.30000001192093
  y: 65.0
  z: -15.300000011920933
  yaw: -270.2744
  pitch: 21.1499
logoutlocation:
  world: survival-1
  x: -2416.300000011921
  y: 64.0
  z: 2282.0413604934924
  yaw: -123.31311
  pitch: 14.249957
money: '0.0'
