lastAccountName: m2wDakota
timestamps:
  login: 1610395836289
  logout: 1610397564508
ipAddress: 190.245.120.70
lastlocation:
  world: survival-1
  x: 97.30000001192093
  y: 65.0
  z: -15.300000011920933
  yaw: -270.2744
  pitch: 21.1499
