lastAccountName: taiel
timestamps:
  login: 1610603429530
  kits:
    inicio: 1610603459336
  logout: 1610604594817
ipAddress: 192.168.1.1
money: '463.6189999999999958'
logoutlocation:
  world: survival-1
  x: -1364.7345835704318
  y: 67.0
  z: 336.5345608177781
  yaw: -92.29834
  pitch: 6.789183
