lastAccountName: taiel
timestamps:
  login: 1611013608340
  kits:
    inicio: 1610603459336
  logout: 1611013613701
  lastheal: 1610997666675
ipAddress: 192.168.1.1
money: '2517.5617500000000190'
logoutlocation:
  world: survival-1
  x: -2381.83410595189
  y: 63.0
  z: -4924.699999988079
  yaw: -277.40164
  pitch: 7.1344194
