lastAccountName: Beatrizbsouza_
timestamps:
  login: 1610834248687
  logout: 1610838786441
ipAddress: 191.30.222.107
logoutlocation:
  world: SpeedRun
  x: -349.4730990378113
  y: 67.0
  z: -49.1340794441156
  yaw: -116.24373
  pitch: 39.29996
lastlocation:
  world: SpeedRun
  x: -86.91432859961756
  y: 63.0
  z: -200.98264409530165
  yaw: 307.57788
  pitch: 70.05004
