lastAccountName: FERNANFLOW
timestamps:
  login: 1611518244422
  logout: 1611518950468
  kits:
    inicio: 1610588396289
ipAddress: 190.14.158.253
logoutlocation:
  world: survival-1
  x: -895.7297460805866
  y: 63.0
  z: -392.283555006609
  yaw: -123.859955
  pitch: 16.915833
money: '9660.56714999999353373'
lastlocation:
  world: survival-1_nether
  x: -6.409869318988441
  y: 63.25220334025373
  z: 2.86510069132761
  yaw: -15.779785
  pitch: 5.734538
