lastAccountName: FERNANFLOW
timestamps:
  login: 1611203625854
  logout: 1611204438002
  kits:
    inicio: 1610588396289
ipAddress: 190.14.158.253
logoutlocation:
  world: survival-1
  x: -892.3000000119209
  y: 63.0
  z: -396.5602706386304
  yaw: -70.191895
  pitch: 4.7609463
money: '905.59414999999384963'
lastlocation:
  world: survival-1_nether
  x: -6.409869318988441
  y: 63.25220334025373
  z: 2.86510069132761
  yaw: -15.779785
  pitch: 5.734538
