lastAccountName: FERNANFLOW
timestamps:
  login: 1610796561965
  logout: 1610797686211
  kits:
    inicio: 1610588396289
ipAddress: 190.14.158.252
logoutlocation:
  world: survival-1
  x: -893.2833244860919
  y: 63.0
  z: -398.12267342536245
  yaw: 10.876953
  pitch: 9.029378
money: '21062.23847500000009083'
lastlocation:
  world: survival-1
  x: -3260.27502631325
  y: 63.9375
  z: -2751.384816990244
  yaw: 283.76733
  pitch: 7.6687565
