lastAccountName: FERNANFLOW
timestamps:
  login: 1610572118478
  logout: 1610593247183
  kits:
    inicio: 1610588396289
ipAddress: 190.14.158.254
logoutlocation:
  world: survival-1
  x: -893.7249527818108
  y: 63.0
  z: -394.8809998216153
  yaw: -121.78674
  pitch: 10.40039
money: '11806.54507499999984586'
lastlocation:
  world: survival-1
  x: -892.6328031472544
  y: 63.0
  z: -396.40111248076244
  yaw: -10.192383
  pitch: 23.600449
