lastAccountName: FERNANFLOW
timestamps:
  login: 1611191633791
  logout: 1611191626142
  kits:
    inicio: 1610588396289
ipAddress: 190.14.158.253
logoutlocation:
  world: survival-1_the_end
  x: 1066.818007941829
  y: 149.01035877123311
  z: 1996.910175456687
  yaw: 119.05687
  pitch: 27.735294
money: '1169.51764999999456333'
lastlocation:
  world: survival-1_nether
  x: -6.409869318988441
  y: 63.25220334025373
  z: 2.86510069132761
  yaw: -15.779785
  pitch: 5.734538
