lastAccountName: lucas
timestamps:
  login: 1611177609840
  logout: 1611178711594
ipAddress: 181.31.100.26
money: '13663.97549999999991419'
logoutlocation:
  world: survival-1
  x: -605.5789658909491
  y: 64.0
  z: -454.39208191676516
  yaw: 78.18494
  pitch: 9.297509
lastlocation:
  world: survival-1
  x: -1854.6865484009259
  y: 89.17675927506424
  z: 262.9941965664218
  yaw: 1.9700445
  pitch: 0.31836534
