lastAccountName: lucas
timestamps:
  login: 1610838560762
  logout: 1610839854244
ipAddress: 181.31.100.26
money: '12012.99549999999993708'
logoutlocation:
  world: survival-1
  x: -605.5789658909491
  y: 64.0
  z: -454.39208191676516
  yaw: 50.222286
  pitch: -2.3443315
lastlocation:
  world: survival-1
  x: -1854.6865484009259
  y: 89.17675927506424
  z: 262.9941965664218
  yaw: 1.9700445
  pitch: 0.31836534
