lastAccountName: lucas
timestamps:
  login: 1610587594144
  logout: 1610591862694
ipAddress: 181.31.100.26
money: '5366.37050000000037034'
logoutlocation:
  world: survival-1
  x: -617.0112915722615
  y: 64.0
  z: -454.00438632760313
  yaw: 270.85156
  pitch: 7.6949406
lastlocation:
  world: survival-1
  x: -1854.6865484009259
  y: 89.17675927506424
  z: 262.9941965664218
  yaw: 1.9700445
  pitch: 0.31836534
