lastAccountName: lucas
timestamps:
  login: 1610786630829
  logout: 1610790630775
ipAddress: 181.31.100.26
money: '11318.19549999999979144'
logoutlocation:
  world: survival-1
  x: -616.2631957568415
  y: 59.0
  z: -449.7871156533335
  yaw: 238.7334
  pitch: 20.922998
lastlocation:
  world: survival-1
  x: -1854.6865484009259
  y: 89.17675927506424
  z: 262.9941965664218
  yaw: 1.9700445
  pitch: 0.31836534
