lastAccountName: Panda_R3D
timestamps:
  login: 1611096364911
  kits:
    inicio: 1611093532384
  logout: 1611097526072
ipAddress: 45.175.149.228
money: '588.1157499999999971'
logoutlocation:
  world: survival-1
  x: 4332.573663217678
  y: 62.0
  z: -3047.7955409347064
  yaw: -241.53345
  pitch: 29.211363
