lastAccountName: PedrinzzzzzS2
timestamps:
  login: 1610829024023
  kits:
    inicio: 1610838711031
  logout: 1610838726789
ipAddress: 177.70.145.236
lastlocation:
  world: SpeedRun
  x: -73.00131154121672
  y: 71.0
  z: -9.51549210862659
  yaw: -76.44031
  pitch: 3.8503017
logoutlocation:
  world: survival-1
  x: 101.28647147469096
  y: 65.875
  z: -15.270769964672244
  yaw: 142.53595
  pitch: 16.768019
